FAT/SNF,7.5,7.6,7.7,7.8,7.9,8,8.1,8.2,8.3,8.4,8.5,8.6,8.7,8.8,8.9,9
3,28.50,29.00,29.50,30.00,30.50,31.00,31.30,31.60,31.90,32.20,32.50,32.50,32.50,32.50,32.50,32.50
3.1,29.00,29.50,30.00,30.50,31.00,31.50,31.80,32.10,32.40,32.70,33.00,33.00,33.00,33.00,33.00,33.00
3.2,29.50,30.00,30.50,31.00,31.50,32.00,32.30,32.60,32.90,33.20,33.50,33.50,33.50,33.50,33.50,33.50
3.3,30.00,30.50,31.00,31.50,32.00,32.50,32.80,33.10,33.40,33.70,34.00,34.00,34.00,34.00,34.00,34.00
3.4,30.50,31.00,31.50,32.00,32.50,33.00,33.30,33.60,33.90,34.20,34.50,34.50,34.50,34.50,34.50,34.50
3.5,31.00,31.50,32.00,32.50,33.00,33.50,33.80,34.10,34.40,34.70,35.00,35.00,35.00,35.00,35.00,35.00
3.6,31.20,31.70,32.20,32.70,33.20,33.70,34.00,34.30,34.60,34.90,35.20,35.20,35.20,35.20,35.20,35.20
3.7,31.40,31.90,32.40,32.90,33.40,33.90,34.20,34.50,34.80,35.10,35.40,35.40,35.40,35.40,35.40,35.40
3.8,31.60,32.10,32.60,33.10,33.60,34.10,34.40,34.70,35.00,35.30,35.60,35.60,35.60,35.60,35.60,35.60
3.9,31.80,32.30,32.80,33.30,33.80,34.30,34.60,34.90,35.20,35.50,35.80,35.80,35.80,35.80,35.80,35.80
4,32.00,32.50,33.00,33.50,34.00,34.50,34.80,35.10,35.40,35.70,36.00,36.00,36.00,36.00,36.00,36.00
4.1,32.20,32.70,33.20,33.70,34.20,34.70,35.00,35.30,35.60,35.90,36.20,36.20,36.20,36.20,36.20,36.20
4.2,32.40,32.90,33.40,33.90,34.40,34.90,35.20,35.50,35.80,36.10,36.40,36.40,36.40,36.40,36.40,36.40
4.3,32.60,33.10,33.60,34.10,34.60,35.10,35.40,35.70,36.00,36.30,36.60,36.60,36.60,36.60,36.60,36.60
4.4,32.80,33.30,33.80,34.30,34.80,35.30,35.60,35.90,36.20,36.50,36.80,36.80,36.80,36.80,36.80,36.80
4.5,33.00,33.50,34.00,34.50,35.00,35.50,35.80,36.10,36.40,36.70,37.00,37.00,37.00,37.00,37.00,37.00
4.6,33.20,33.70,34.20,34.70,35.20,35.70,36.00,36.30,36.60,36.90,37.20,37.20,37.20,37.20,37.20,37.20
4.7,33.40,33.90,34.40,34.90,35.40,35.90,36.20,36.50,36.80,37.10,37.40,37.40,37.40,37.40,37.40,37.40
4.8,33.60,34.10,34.60,35.10,35.60,36.10,36.40,36.70,37.00,37.30,37.60,37.60,37.60,37.60,37.60,37.60
4.9,33.80,34.30,34.80,35.30,35.80,36.30,36.60,36.90,37.20,37.50,37.80,37.80,37.80,37.80,37.80,37.80
5,34.00,34.50,35.00,35.50,36.00,36.50,36.80,37.10,37.40,37.70,38.00,38.00,38.00,38.00,38.00,38.00
5.1,34.20,34.70,35.20,35.70,36.20,36.70,37.00,37.30,37.60,37.90,38.20,38.20,38.20,38.20,38.20,38.20
5.2,34.40,34.90,35.40,35.90,36.40,36.90,37.20,37.50,37.80,38.10,38.40,38.40,38.40,38.40,38.40,38.40
5.3,34.60,35.10,35.60,36.10,36.60,37.10,37.40,37.70,38.00,38.30,38.60,38.60,38.60,38.60,38.60,38.60
5.4,34.80,35.30,35.80,36.30,36.80,37.30,37.60,37.90,38.20,38.50,38.80,38.80,38.80,38.80,38.80,38.80
5.5,35.00,35.50,36.00,36.50,37.00,37.50,37.80,38.10,38.40,38.70,39.00,39.00,39.00,39.00,39.00,39.00
5.6,35.20,35.70,36.20,36.70,37.20,37.70,38.00,38.30,38.60,38.90,39.20,39.20,39.20,39.20,39.20,39.20
5.7,35.40,35.90,36.40,36.90,37.40,37.90,38.20,38.50,38.80,39.10,39.40,39.40,39.40,39.40,39.40,39.40
5.8,35.60,36.10,36.60,37.10,37.60,38.10,38.40,38.70,39.00,39.30,39.60,39.60,39.60,39.60,39.60,39.60
5.9,35.80,36.30,36.80,37.30,37.80,38.30,38.60,38.90,39.20,39.50,39.80,39.80,39.80,39.80,39.80,39.80
