FAT/SNF,7.0,7.1,7.2,7.3,7.4,7.5,7.6,7.7,7.8,7.9,8.0,8.1,8.2,8.3,8.4,8.5
3.0,30,31,32,33,34,35,36,37,38,39,40,41,42,43,44,45
3.1,31,32,33,34,35,36,37,38,39,40,41,42,43,44,45,46
3.2,32,33,34,35,36,37,38,39,40,41,42,43,44,45,46,47
3.3,33,34,35,36,37,38,39,40,41,42,43,44,45,46,47,48
3.4,34,35,36,37,38,39,40,41,42,43,44,45,46,47,48,49
3.5,35,36,37,38,39,40,41,42,43,44,45,46,47,48,49,50
3.6,36,37,38,39,40,41,42,43,44,45,46,47,48,49,50,51
3.7,37,38,39,40,41,42,43,44,45,46,47,48,49,50,51,52
3.8,38,39,40,41,42,43,44,45,46,47,48,49,50,51,52,53
3.9,39,40,41,42,43,44,45,46,47,48,49,50,51,52,53,54
4.0,40,41,42,43,44,45,46,47,48,49,50,51,52,53,54,55
4.1,41,42,43,44,45,46,47,48,49,50,51,52,53,54,55,56
4.2,42,43,44,45,46,47,48,49,50,51,52,53,54,55,56,57
4.3,43,44,45,46,47,48,49,50,51,52,53,54,55,56,57,58
4.4,44,45,46,47,48,49,50,51,52,53,54,55,56,57,58,59
4.5,45,46,47,48,49,50,51,52,53,54,55,56,57,58,59,60
4.6,46,47,48,49,50,51,52,53,54,55,56,57,58,59,60,61
4.7,47,48,49,50,51,52,53,54,55,56,57,58,59,60,61,62
4.8,48,49,50,51,52,53,54,55,56,57,58,59,60,61,62,63
4.9,49,50,51,52,53,54,55,56,57,58,59,60,61,62,63,64
5.0,50,51,52,53,54,55,56,57,58,59,60,61,62,63,64,65