FAT/SNF,7,7.1,7.2,7.3,7.4,7.5,7.6,7.7,7.8,7.9,8,8.1,8.2,8.3,8.4,8.5,8.6,8.7,8.8,8.9,9,9.1,9.2,9.3,9.4,9.5
 2.00 ,27.50,27.80,28.10,28.40,28.70,29.00,29.30,29.60,29.90,30.20,30.50,30.80,31.10,31.40,31.70,32.00,32.00,32.00,32.00,32.00,32.00,32.00,32.00,32.00,32.00,32.00
 2.10 ,27.80,28.10,28.40,28.70,29.00,29.30,29.60,29.90,30.20,30.50,30.80,31.10,31.40,31.70,32.00,32.30,32.30,32.30,32.30,32.30,32.30,32.30,32.30,32.30,32.30,32.30
 2.20 ,28.10,28.40,28.70,29.00,29.30,29.60,29.90,30.20,30.50,30.80,31.10,31.40,31.70,32.00,32.30,32.60,32.60,32.60,32.60,32.60,32.60,32.60,32.60,32.60,32.60,32.60
 2.30 ,28.40,28.70,29.00,29.30,29.60,29.90,30.20,30.50,30.80,31.10,31.40,31.70,32.00,32.30,32.60,32.90,32.90,32.90,32.90,32.90,32.90,32.90,32.90,32.90,32.90,32.90
 2.40 ,28.70,29.00,29.30,29.60,29.90,30.20,30.50,30.80,31.10,31.40,31.70,32.00,32.30,32.60,32.90,33.20,33.20,33.20,33.20,33.20,33.20,33.20,33.20,33.20,33.20,33.20
 2.50 ,29.00,29.30,29.60,29.90,30.20,30.50,30.80,31.10,31.40,31.70,32.00,32.30,32.60,32.90,33.20,33.50,33.50,33.50,33.50,33.50,33.50,33.50,33.50,33.50,33.50,33.50
 2.60 ,29.30,29.60,29.90,30.20,30.50,30.80,31.10,31.40,31.70,32.00,32.30,32.60,32.90,33.20,33.50,33.80,33.80,33.80,33.80,33.80,33.80,33.80,33.80,33.80,33.80,33.80
 2.70 ,29.60,29.90,30.20,30.50,30.80,31.10,31.40,31.70,32.00,32.30,32.60,32.90,33.20,33.50,33.80,34.10,34.10,34.10,34.10,34.10,34.10,34.10,34.10,34.10,34.10,34.10
 2.80 ,29.90,30.20,30.50,30.80,31.10,31.40,31.70,32.00,32.30,32.60,32.90,33.20,33.50,33.80,34.10,34.40,34.40,34.40,34.40,34.40,34.40,34.40,34.40,34.40,34.40,34.40
 2.90 ,30.20,30.50,30.80,31.10,31.40,31.70,32.00,32.30,32.60,32.90,33.20,33.50,33.80,34.10,34.40,34.70,34.70,34.70,34.70,34.70,34.70,34.70,34.70,34.70,34.70,34.70
 3.00 ,30.50,30.80,31.10,31.40,31.70,32.00,32.30,32.60,32.90,33.20,33.50,33.80,34.10,34.40,34.70,35.00,35.00,35.00,35.00,35.00,35.00,35.00,35.00,35.00,35.00,35.00
 3.10 ,30.80,31.10,31.40,31.70,32.00,32.30,32.60,32.90,33.20,33.50,33.80,34.10,34.40,34.70,35.00,35.30,35.30,35.30,35.30,35.30,35.30,35.30,35.30,35.30,35.30,35.30
3.2,31.10,31.40,31.70,32.00,32.30,32.60,32.90,33.20,33.50,33.80,34.10,34.40,34.70,35.00,35.30,35.60,35.60,35.60,35.60,35.60,35.60,35.60,35.60,35.60,35.60,35.60
3.3,31.40,31.70,32.00,32.30,32.60,32.90,33.20,33.50,33.80,34.10,34.40,34.70,35.00,35.30,35.60,35.90,35.90,35.90,35.90,35.90,35.90,35.90,35.90,35.90,35.90,35.90
3.4,31.70,32.00,32.30,32.60,32.90,33.20,33.50,33.80,34.10,34.40,34.70,35.00,35.30,35.60,35.90,36.20,36.20,36.20,36.20,36.20,36.20,36.20,36.20,36.20,36.20,36.20
3.5,32.00,32.30,32.60,32.90,33.20,33.50,33.80,34.10,34.40,34.70,35.00,35.30,35.60,35.90,36.20,36.50,36.50,36.50,36.50,36.50,36.50,36.50,36.50,36.50,36.50,36.50
3.6,32.30,32.60,32.90,33.20,33.50,33.80,34.10,34.40,34.70,35.00,35.30,35.60,35.90,36.20,36.50,36.80,36.80,36.80,36.80,36.80,36.80,36.80,36.80,36.80,36.80,36.80
3.7,32.60,32.90,33.20,33.50,33.80,34.10,34.40,34.70,35.00,35.30,35.60,35.90,36.20,36.50,36.80,37.10,37.10,37.10,37.10,37.10,37.10,37.10,37.10,37.10,37.10,37.10
3.8,32.90,33.20,33.50,33.80,34.10,34.40,34.70,35.00,35.30,35.60,35.90,36.20,36.50,36.80,37.10,37.40,37.40,37.40,37.40,37.40,37.40,37.40,37.40,37.40,37.40,37.40
3.9,33.20,33.50,33.80,34.10,34.40,34.70,35.00,35.30,35.60,35.90,36.20,36.50,36.80,37.10,37.40,37.70,37.70,37.70,37.70,37.70,37.70,37.70,37.70,37.70,37.70,37.70
4.0,33.50,33.80,34.10,34.40,34.70,35.00,35.30,35.60,35.90,36.20,36.50,36.80,37.10,37.40,37.70,38.00,38.00,38.00,38.00,38.00,38.00,38.00,38.00,38.00,38.00,38.00
4.1,33.80,34.10,34.40,34.70,35.00,35.30,35.60,35.90,36.20,36.50,36.80,37.10,37.40,37.70,38.00,38.30,38.30,38.30,38.30,38.30,38.30,38.30,38.30,38.30,38.30,38.30
4.2,34.10,34.40,34.70,35.00,35.30,35.60,35.90,36.20,36.50,36.80,37.10,37.40,37.70,38.00,38.30,38.60,38.60,38.60,38.60,38.60,38.60,38.60,38.60,38.60,38.60,38.60
4.3,34.40,34.70,35.00,35.30,35.60,35.90,36.20,36.50,36.80,37.10,37.40,37.70,38.00,38.30,38.60,38.90,38.90,38.90,38.90,38.90,38.90,38.90,38.90,38.90,38.90,38.90
4.4,34.70,35.00,35.30,35.60,35.90,36.20,36.50,36.80,37.10,37.40,37.70,38.00,38.30,38.60,38.90,39.20,39.20,39.20,39.20,39.20,39.20,39.20,39.20,39.20,39.20,39.20
4.5,35.00,35.30,35.60,35.90,36.20,36.50,36.80,37.10,37.40,37.70,38.00,38.30,38.60,38.90,39.20,39.50,39.50,39.50,39.50,39.50,39.50,39.50,39.50,39.50,39.50,39.50
4.6,35.30,35.60,35.90,36.20,36.50,36.80,37.10,37.40,37.70,38.00,38.30,38.60,38.90,39.20,39.50,39.80,39.80,39.80,39.80,39.80,39.80,39.80,39.80,39.80,39.80,39.80
4.7,35.60,35.90,36.20,36.50,36.80,37.10,37.40,37.70,38.00,38.30,38.60,38.90,39.20,39.50,39.80,40.10,40.10,40.10,40.10,40.10,40.10,40.10,40.10,40.10,40.10,40.10
4.8,35.90,36.20,36.50,36.80,37.10,37.40,37.70,38.00,38.30,38.60,38.90,39.20,39.50,39.80,40.10,40.40,40.40,40.40,40.40,40.40,40.40,40.40,40.40,40.40,40.40,40.40
4.9,36.20,36.50,36.80,37.10,37.40,37.70,38.00,38.30,38.60,38.90,39.20,39.50,39.80,40.10,40.40,40.70,40.70,40.70,40.70,40.70,40.70,40.70,40.70,40.70,40.70,40.70
5.0,36.50,36.80,37.10,37.40,37.70,38.00,38.30,38.60,38.90,39.20,39.50,39.80,40.10,40.40,40.70,41.00,41.00,41.00,41.00,41.00,41.00,41.00,41.00,41.00,41.00,41.00
5.1,36.80,37.10,37.40,37.70,38.00,38.30,38.60,38.90,39.20,39.50,39.80,40.10,40.40,40.70,41.00,41.30,41.30,41.30,41.30,41.30,41.30,41.30,41.30,41.30,41.30,41.30
5.2,37.10,37.40,37.70,38.00,38.30,38.60,38.90,39.20,39.50,39.80,40.10,40.40,40.70,41.00,41.30,41.60,41.60,41.60,41.60,41.60,41.60,41.60,41.60,41.60,41.60,41.60
5.3,37.40,37.70,38.00,38.30,38.60,38.90,39.20,39.50,39.80,40.10,40.40,40.70,41.00,41.30,41.60,41.90,41.90,41.90,41.90,41.90,41.90,41.90,41.90,41.90,41.90,41.90
5.4,37.70,38.00,38.30,38.60,38.90,39.20,39.50,39.80,40.10,40.40,40.70,41.00,41.30,41.60,41.90,42.20,42.20,42.20,42.20,42.20,42.20,42.20,42.20,42.20,42.20,42.20
5.5,38.00,38.30,38.60,38.90,39.20,39.50,39.80,40.10,40.40,40.70,41.00,41.30,41.60,41.90,42.20,42.50,42.50,42.50,42.50,42.50,42.50,42.50,42.50,42.50,42.50,42.50
5.6,38.30,38.60,38.90,39.20,39.50,39.80,40.10,40.40,40.70,41.00,41.30,41.60,41.90,42.20,42.50,42.80,42.80,42.80,42.80,42.80,42.80,42.80,42.80,42.80,42.80,42.80
5.7,38.60,38.90,39.20,39.50,39.80,40.10,40.40,40.70,41.00,41.30,41.60,41.90,42.20,42.50,42.80,43.10,43.10,43.10,43.10,43.10,43.10,43.10,43.10,43.10,43.10,43.10
5.8,38.90,39.20,39.50,39.80,40.10,40.40,40.70,41.00,41.30,41.60,41.90,42.20,42.50,42.80,43.10,43.40,43.40,43.40,43.40,43.40,43.40,43.40,43.40,43.40,43.40,43.40
5.9,39.20,39.50,39.80,40.10,40.40,40.70,41.00,41.30,41.60,41.90,42.20,42.50,42.80,43.10,43.40,43.70,43.70,43.70,43.70,43.70,43.70,43.70,43.70,43.70,43.70,43.70
