FAT/SNF,7.7,7.8,7.9,8,8.1,8.2,8.3,8.4,8.5,8.6,8.7,8.8,8.9,9,9.1,9.2,9.3,9.4,9.5
2.6,27.7,28.2,28.7,29.2,29.5,29.8,30.1,30.4,30.7,30.8,30.9,31,31.1,31.2,31.2,31.2,31.2,31.2,31.2
2.7,28.35,28.85,29.35,29.85,30.15,30.45,30.75,31.05,31.35,31.45,31.55,31.65,31.75,31.85,31.85,31.85,31.85,31.85,31.85
2.8,29,29.5,30,30.5,30.8,31.1,31.4,31.7,32,32.1,32.2,32.3,32.4,32.5,32.5,32.5,32.5,32.5,32.5
2.9,29.5,30,30.5,31,31.3,31.6,31.9,32.2,32.5,32.6,32.7,32.8,32.9,33,33,33,33,33,33
3,30.5,31,31.5,32,32.3,32.6,32.9,33.2,33.5,33.6,33.7,33.8,33.9,34,34,34,34,34,34
3.1,31,31.5,32,32.5,32.8,33.1,33.4,33.7,34,34.1,34.2,34.3,34.4,34.5,34.5,34.5,34.5,34.5,34.5
3.2,31.5,32,32.5,33,33.3,33.6,33.9,34.2,34.5,34.6,34.7,34.8,34.9,35,35,35,35,35,35
3.3,32,32.5,33,33.5,33.8,34.1,34.4,34.7,35,35.1,35.2,35.3,35.4,35.5,35.5,35.5,35.5,35.5,35.5
3.4,32.5,33,33.5,34,34.3,34.6,34.9,35.2,35.5,35.6,35.7,35.8,35.9,36,36,36,36,36,36
3.5,33,33.5,34,34.5,34.8,35.1,35.4,35.7,36,36.1,36.2,36.3,36.4,36.5,36.5,36.5,36.5,36.5,36.5
3.6,33.3,33.8,34.3,34.8,35.1,35.4,35.7,36,36.3,36.1,36.5,36.6,36.7,36.8,36.8,36.8,36.8,36.8,36.8
3.7,33.6,34.1,34.6,35.1,35.4,35.7,36,36.3,36.6,36.1,36.8,36.9,37,37.1,37.1,37.1,37.1,37.1,37.1
3.8,33.9,34.4,34.9,35.4,35.7,36,36.3,36.6,36.9,36.1,37.1,37.2,37.3,37.4,37.4,37.4,37.4,37.4,37.4
3.9,34.2,34.7,35.2,35.7,36,36.3,36.6,36.9,37.2,36.1,37.4,37.5,37.6,37.7,37.7,37.7,37.7,37.7,37.7
4,34.5,35,35.5,36,36.3,36.6,36.9,37.2,37.5,36.1,37.7,37.8,37.9,38,38,38,38,38,38
4.1,34.8,35.3,35.8,36.3,36.6,36.9,37.2,37.5,37.8,36.1,38,38.1,38.2,38.3,38.3,38.3,38.3,38.3,38.3
4.2,35.1,35.6,36.1,36.6,36.9,37.2,37.5,37.8,38.1,36.1,38.3,38.4,38.5,38.6,38.6,38.6,38.6,38.6,38.6
4.3,35.4,35.9,36.4,36.9,37.2,37.5,37.8,38.1,38.4,36.1,38.6,38.7,38.8,38.9,38.9,38.9,38.9,38.9,38.9
4.4,35.7,36.2,36.7,37.2,37.5,37.8,38.1,38.4,38.7,36.1,38.9,39,39.1,39.2,39.2,39.2,39.2,39.2,39.2
4.5,36,36.5,37,37.5,37.8,38.1,38.4,38.7,39,36.1,39.2,39.3,39.4,39.5,39.5,39.5,39.5,39.5,39.5
4.6,36.3,36.8,37.3,37.8,38.1,38.4,38.7,39,39.3,36.1,39.5,39.6,39.7,39.8,39.8,39.8,39.8,39.8,39.8
4.7,36.6,37.1,37.6,38.1,38.4,38.7,39,39.3,39.6,36.1,39.8,39.9,40,40.1,40.1,40.1,40.1,40.1,40.1
4.8,36.9,37.4,37.9,38.4,38.7,39,39.3,39.6,39.9,36.1,40.1,40.2,40.3,40.4,40.4,40.4,40.4,40.4,40.4
4.9,37.2,37.7,38.2,38.7,39,39.3,39.6,39.9,40.2,36.1,40.4,40.5,40.6,40.7,40.7,40.7,40.7,40.7,40.7
5,37.5,38,38.5,39,39.3,39.6,39.9,40.2,40.5,36.1,40.7,40.8,40.9,41,41,41,41,41,41
